2
10
6856911 4151181 6861382 403409 3038906 6789398 2253230 2878458 2193855 5700196 
4880397 8567197 8819384 8165101 4942977 2696555 3522082 1527395 9334193 8530234 
4602095 4096068 5004576 5595419 1465838 7230197 4036575 9249761 7838832 768500 
9130954 1140432 6557831 5292375 29181 9100511 6033403 4155629 5909675 5561617 
727817 9513932 8716097 9609244 7314506 6587918 8112671 2557445 5592819 4670169 
2887222 5299531 5082005 9244780 4491594 7667157 290963 6983299 9613471 3295280 
4495183 7060487 48528 4007114 7186694 6117462 4118277 5914261 4331877 3660124 
725114 1954024 3777967 7210484 6693066 1761680 9283000 5227909 7170374 4461513 
4616950 4147000 9905287 2711895 8538533 805910 8088557 9943536 6232371 9483794 
9732545 6800904 3511019 1986505 4741716 7266439 1407253 6621331 986099 9821372 
10
4055314 280525 1254147 5159802 8457806 9734186 8726417 9304737 7898160 7272119 
8248316 2769877 6804238 1139300 2349183 5154488 903259 1786591 7870873 8793845 
5386355 5316190 4444566 9217876 6483006 2163824 6092849 9736357 1088300 35934 
7673388 3858740 5217908 8709245 3049655 4396567 5159112 208308 3029468 9672019 
3246629 9397801 443305 468267 9670867 5950924 4210281 9670640 2234851 6957972 
5651896 2782786 33698 5782592 3729961 7299993 1061233 8465610 5246350 7794428 
3897300 5900181 3035060 8016892 5124140 3734229 3145659 691549 3147311 2090595 
5317946 6259753 7279746 8212797 611935 1547630 3647100 1114660 7602005 8805525 
49356 1175714 1771965 9168233 1161807 4238223 5741818 950676 5640498 4636857 
642409 7234165 4466428 6183821 4944045 5555838 269524 5389151 1447089 5153068 
