2
10
54001  54011  54013  54037  54049  54059  54083  54091  54101  54121 
54133  54139  54151  54163  54167  54181  54193  54217  54251  54269 
54277  54287  54293  54311  54319  54323  54331  54347  54361  54367 
54371  54377  54401  54403  54409  54413  54419  54421  54437  54443 
54449  54469  54493  54497  54499  54503  54517  54521  54539  54541 
54547  54559  54563  54577  54581  54583  54601  54617  54623  54629 
54631  54647  54667  54673  54679  54709  54713  54721  54727  54751 
54767  54773  54779  54787  54799  54829  54833  54851  54869  54877 
54881  54907  54917  54919  54941  54949  54959  54973  54979  54983 
55001  55009  55021  55049  55051  55057  55061  55073  55079  55103 
10
103613 103619 103643 103651 103657 103669 103681 103687 103699 103703 
103723 103769 103787 103801 103811 103813 103837 103841 103843 103867 
103889 103903 103913 103919 103951 103963 103967 103969 103979 103981 
103991 103993 103997 104003 104009 104021 104033 104047 104053 104059 
104087 104089 104107 104113 104119 104123 104147 104149 104161 104173 
104179 104183 104207 104231 104233 104239 104243 104281 104287 104297 
104309 104311 104323 104327 104347 104369 104381 104383 104393 104399 
104417 104459 104471 104473 104479 104491 104513 104527 104537 104543 
104549 104551 104561 104579 104593 104597 104623 104639 104651 104659 
104677 104681 104683 104693 104701 104707 104711 104717 104723 104729
