1
10
951 24879 7450 13533 25637 8714 28990 11480 29489 13068 
20365 16860 5393 25679 12305 9148 32516 25971 177 11634 
29915 17810 21833 10283 3660 22975 5296 29203 16097 16262 
15246 17048 8373 22696 30582 1243 31411 26804 12723 28132 
7105 321 12225 12499 26000 24531 21648 25749 17735 21826 
4615 14883 6868 26449 25167 10529 16656 30463 6964 32753 
13958 22210 17034 22332 12139 14849 23575 10782 8886 3531 
6147 15992 3852 18372 28491 29853 10135 17372 22834 27871 
6430 27450 9986 13299 21131 2385 23828 5020 81 30793 
5006 14039 20236 22041 3604 32375 4122 27179 10390 13008 
