1
29
5499540 1077609 9031858 1081818 2815482 236468 5521490 8275639 4980239 8252964 7619197 4303947 5981421 4654428 9961908 3759185 6617148 1438808 7602528 9462072 7011671 7783985 1460256 6678995 4641241 5249015 3606079 7475948 2486469
797037 9883073 4135234 5585657 8407404 545485 6122548 3793426 8897614 9900621 7952354 475801 5544060 2754331 6185733 1375793 3881818 7731633 3984496 6074679 9021828 2777730 2951849 5210781 1792070 3618713 2169617 9203970 6950923
6959094 9649918 2635779 2077337 4065141 6168287 970087 5567281 6527131 286205 2852178 9332898 4339052 3081758 5441601 7952141 5718458 9444574 7391972 4881522 100097 4080517 6207156 1043409 4392338 6923015 2116882 9940816 3951069
2482541 5571607 502357 520326 9546000 7759787 1820227 5477332 5155477 8064895 3160536 6204725 5894390 8823049 7293893 7632308 4650373 2661933 4461213 5099662 3545373 951088 3170150 3782697 662028 3266273 530234 6356932 341725
1034358 4179508 9862870 8095989 175253 8190647 9048000 650717 9617973 8976628 8437438 1506438 5912037 7432886 7203056 3674359 1570102 3096720 9134565 6441360 9975321 875678 8851611 1571530 7830846 4353838 6412223 4197403 380533
851406 1855717 2013644 4863217 7375144 2561251 3307601 932095 4141781 4418666 736875 2486878 4743204 7209166 3706946 3054481 1398698 5342294 819601 4780883 428702 4494833 2427826 6661342 1436043 4733735 3362288 3554575 4861475
3271507 869794 3126774 9977946 8164418 7449108 1508645 2803788 4130465 3881223 4284807 8129991 9973768 8722740 2114123 6808438 2152636 4195203 2430308 2523008 7421514 2314556 4042567 1126278 2866312 1481192 2841120 8718781 3619815
2568641 7283912 7344977 9571663 3523256 8164147 5113049 2211020 741228 8804127 717564 9358593 1370678 8035347 1240010 3789157 3614509 5702082 3025970 8692307 3533892 8788130 2409347 6074548 3510914 1243491 9032698 8878050 9027205
460067 1084912 301275 7805878 5658908 1277103 9897427 7465846 9716114 2168292 9251177 3152921 8649445 3580336 2556227 6957246 2809222 9749103 2708812 9146623 935949 5235287 7751075 2002518 5059911 9516027 2366369 7289341 7370919
4768719 9669859 5427024 9735355 1847755 5214692 9586415 3901689 9467602 39188 1669073 1866339 1893772 6370400 7797643 6245430 9828337 550503 910723 2915073 5246378 9978265 6796760 5945441 8016303 3959891 3567313 7128653 2608058
869606 3433013 5455648 5513910 1033064 6292011 9150344 4561488 8887535 1717556 73426 3333958 1935587 6117723 2362356 5079646 7873244 6605174 4257593 9335044 4801895 1722380 9649029 1789841 125700 5885893 5757608 490620 2346530
3015612 4075885 4199024 5316909 1470662 5406867 7381512 8916346 6611818 4162288 9651059 8167232 745291 982211 7876211 6586014 4263035 1437897 8803669 1717074 2620253 7338214 9783520 1654778 7369055 1055173 6330463 8749707 5663597
795249 5544244 591504 4268571 720155 5075152 5895692 5786578 3922578 2004818 8256380 7587063 2586628 1083078 3509632 9810013 6479124 4169728 7677889 1616381 4026893 7060681 579578 9349132 4708302 2563097 6986000 4792588 6584038
3425315 5073158 6882135 4880530 1106494 5781108 7149103 5607049 5923226 7057043 6914192 2884485 7213612 2143802 5734057 4107274 1305095 8652876 3183530 5497271 2284465 3238308 3537196 9901528 7515568 4700013 1207501 6423403 3713159
394545 9778630 8606588 6165836 1787309 3309223 9864799 1079311 1285433 657456 302337 629117 8828194 5135968 257732 6302386 4554519 7637682 3422919 2904156 9411061 5011160 8098011 4862552 6965154 3021222 9918442 4786194 1745134
256409 4996698 5105961 8897988 8904965 2805337 14719 4313444 3943076 7341758 4212948 6809221 4090756 3400861 1732475 5024520 3308735 8514912 5797844 7416515 5959216 9028282 4921835 7225223 1913053 186892 1357478 5909291 6240129
550592 681557 9895953 1821739 8695932 2081941 4805976 8850651 6498677 3368624 5153750 774465 3956799 4853108 3805585 1692595 5291249 6189466 8848028 6147187 4372548 6172759 8786638 9205422 1279482 1492799 372075 4290227 4366440
485909 2752924 2560971 7003473 9522320 9245226 9653638 124044 9021706 7042448 388638 3317526 980571 4115935 8051244 6897717 2945345 9457418 7694814 3031282 8537800 9112050 8410635 6501420 4404953 8143054 4349383 9191382 5150183
3084336 4306044 480341 9599926 1565003 6333114 6962691 3098202 5611473 1569011 5199356 8140345 3283909 1028399 270498 8266192 1863594 3271351 2372746 8507102 2649602 4759443 2227482 8203386 5624659 2402664 8229946 6682778 5483554
2730906 147936 9076119 9860279 6871817 7767868 8654359 6444543 8837059 3755031 8994565 3071019 2720058 4423823 1589349 3339422 5661431 1608298 7949704 9634141 6185186 6425848 6561240 704163 284176 2405977 97062 3159555 5519722
8412597 3748932 7720270 1464785 2856906 3280729 494186 2376641 498101 2274009 4336182 1886868 8062335 960916 1059226 1321620 9847885 7482018 3189908 9347540 844876 4796038 8286825 742680 2368737 2470776 1833051 5897895 6341574
3666396 3339449 3098032 2509385 9497249 5752262 1713340 7731235 4161609 9907466 1028395 4211923 5173763 4114991 2231304 7897701 4082774 3336532 3199012 3986264 1479676 7799227 2528305 2218747 1515754 1659739 6886000 2268729 8142044
9389597 3032926 4947272 7266208 521914 322363 9419658 6697521 7511407 2716579 5915740 4339951 3001891 5930726 9543891 7879750 3187879 8671603 511961 2677133 2628440 7992870 1059711 5492391 141626 4493913 8666712 2407375 27048
5648216 4894456 4697069 6956995 8733840 5564660 4695471 668645 6466607 9829550 6524882 6327841 8544895 6078068 9146741 5515780 8192408 4581100 976156 8774502 5166923 3637321 4983079 1259728 2259730 3343150 7318631 5996048 923721
6750261 6986529 7381771 5192629 6842943 5984550 8395134 2440191 3497452 6305654 8840190 2104635 3542638 4403451 7737608 387331 7881218 9270262 5069149 3451269 6857086 3787713 6779933 3542852 3651176 7550918 897476 7223826 7820579
6429616 3147090 6271465 6674391 2516706 9971851 9913809 5338260 4597510 6187604 1170107 472453 8588322 860162 8260859 3664833 4206160 3991007 356584 2244761 8667116 8808498 1529134 8507856 5039480 6717822 792416 1156020 4752845
7676470 6955099 187765 636811 4089701 7393291 124862 1034658 899509 1821879 1141252 361002 9296354 5049351 3017741 8693964 5299485 8260923 3035730 2182375 8632890 9685301 8152426 174697 9541928 4717476 1308751 8542256 2457305
3508295 2135563 2361897 4109498 5438651 8262316 6754244 5938453 1878367 9708625 3142814 2791400 6126375 5389585 7188840 7034766 5772752 5415746 2830786 1241054 9154056 4632224 2623985 4831430 4661556 5329944 9983249 8115477 8479671
3327375 7577360 8881998 5757879 7710169 6306572 9374455 4614466 3819745 835533 4289923 5707582 5785044 4032155 4284040 7372815 6954865 424373 4492927 2618191 1061862 7346961 610800 6926581 1748999 5630840 9517381 1916966 5705478
